Maior Score:
[('5', [0.05255255813491119, 2, 38.24742450862228, 37.24742450862228]), ('18', [0.03182525457101449, 1, 31.735802701791375, 30.735802701791375]), ('16', [0.07389652403142648, 1, 13.667760604957149, 12.667760604957149]), ('19', [0.33026601058809046, 3, 9.113865500843463, 8.113865500843463]), ('15', [0.566841269916899, 3, 5.310128531116439, 4.310128531116439]), ('3', [0.32842485606965643, 1, 3.075284898003538, 2.075284898003538]), ('8', [0.5666203838997276, 1, 1.7824985275833907, 0.7824985275833907]), ('24', [1.2120516616997468, 2, 1.6583451543486463, 0.6583451543486463]), ('25', [3.0133191611167556, 2, 0.6670385354251956, 0.33296146457480436]), ('6', [1.7531871798640468, 1, 0.5760936490981652, 0.4239063509018348]), ('21', [0.018561125973293194, 0, 0.5387604186507096, 0.46123958134929044]), ('1', [0.093879291818994, 0, 0.10651976390363826, 0.8934802360963617]), ('9', [0.1038821125441345, 0, 0.09626296342165241, 0.9037370365783476]), ('22', [0.12114933553416743, 0, 0.08254275564870701, 0.9174572443512929]), ('7', [0.16624457112214386, 0, 0.060152340208768446, 0.9398476597912315])]


Maior Atraso:
[('15', [0.566841269916899, 3, 5.310128531116439, 4.310128531116439]), ('19', [0.33026601058809046, 3, 9.113865500843463, 8.113865500843463]), ('24', [1.2120516616997468, 2, 1.6583451543486463, 0.6583451543486463]), ('25', [3.0133191611167556, 2, 0.6670385354251956, 0.33296146457480436]), ('5', [0.05255255813491119, 2, 38.24742450862228, 37.24742450862228]), ('3', [0.32842485606965643, 1, 3.075284898003538, 2.075284898003538]), ('6', [1.7531871798640468, 1, 0.5760936490981652, 0.4239063509018348]), ('8', [0.5666203838997276, 1, 1.7824985275833907, 0.7824985275833907]), ('16', [0.07389652403142648, 1, 13.667760604957149, 12.667760604957149]), ('18', [0.03182525457101449, 1, 31.735802701791375, 30.735802701791375]), ('20', [1.138684661602627, 0, 0.008782062617692267, 0.9912179373823077]), ('21', [0.018561125973293194, 0, 0.5387604186507096, 0.46123958134929044]), ('22', [0.12114933553416743, 0, 0.08254275564870701, 0.9174572443512929]), ('23', [0.440797604061814, 0, 0.02268614871735482, 0.9773138512826451]), ('1', [0.093879291818994, 0, 0.10651976390363826, 0.8934802360963617])]

Menor Atraso:
[('20', [1.138684661602627, 0, 0.008782062617692267, 0.9912179373823077]), ('21', [0.018561125973293194, 0, 0.5387604186507096, 0.46123958134929044]), ('22', [0.12114933553416743, 0, 0.08254275564870701, 0.9174572443512929]), ('23', [0.440797604061814, 0, 0.02268614871735482, 0.9773138512826451]), ('1', [0.093879291818994, 0, 0.10651976390363826, 0.8934802360963617]), ('2', [0.5007634951695317, 0, 0.019969506756107563, 0.9800304932438925]), ('4', [1.1169691877450774, 0, 0.008952798438592445, 0.9910472015614076]), ('7', [0.16624457112214386, 0, 0.060152340208768446, 0.9398476597912315]), ('9', [0.1038821125441345, 0, 0.09626296342165241, 0.9037370365783476]), ('11', [0.6639343583995109, 0, 0.015061729933823782, 0.9849382700661762]), ('10', [0.660287414244626, 0, 0.01514491990043469, 0.9848550800995653]), ('13', [0.5122738155626239, 0, 0.019520810348303917, 0.9804791896516961]), ('12', [1.5317393962764296, 0, 0.006528525690668677, 0.9934714743093314]), ('14', [0.1855511889491507, 0, 0.05389348382316454, 0.9461065161768355]), ('17', [2.0664391287874055, 0, 0.004839242473049781, 0.9951607575269502])]

Menos Sorteados:
[('8', 572), ('16', 586), ('18', 591), ('5', 598), ('7', 598), ('15', 606), ('17', 606), ('20', 607), ('9', 610), ('10', 612), ('25', 613), ('22', 615), ('3', 615), ('6', 616), ('14', 617)]

Mais Sorteados
[('11', 641), ('1', 639), ('2', 636), ('13', 632), ('4', 630), ('24', 627), ('19', 626), ('12', 625), ('21', 621), ('23', 621), ('14', 617), ('6', 616), ('22', 615), ('3', 615), ('25', 613)]
